 886  1 15    3 1535   86  122 This_is_a_SECOND_LINE 49 31949 -1294821744   837189      837
8690  1  3    6 2940   26  102 This_is_a_SECOND_LINE 36 8987 1904325184   837229      837
6429  0 10    2 1123   67   65 This_is_a_SECOND_LINE 29 1946 1374029424   837238      837
  69  1  1 TESTLINE1    6 12451 -9894 24869 -1110836271 
3784  1 18    4 3115   70   43 This_is_a_SECOND_LINE 26 30363 -1660162272   837251      837
 873  0  2 TESTLINE1    6 -31167 -2783 -17091 910036740 
 505  0  0 TESTLINE1    3 -1823 -20996 9063 1397589054 
 367  0  2 TESTLINE1    3 30614 -10353 -23496 -896235752 
 584  1  2 TESTLINE1    4 -13137 -29380 -28844 -1953181152 
  12  0  6    4 3139   95  100 This_is_a_SECOND_LINE 34 -15558 -730112904   837278      837
  97  0 17    2  252   56   31 This_is_a_SECOND_LINE 80 5566 503954152   837285      837
9689  0 19    0 2329   31   47 This_is_a_SECOND_LINE 97 13803 955665768   837290      837
 709  1  7    6 1897   53  116 This_is_a_SECOND_LINE 65 -28726 -1137333512   837296      837
8624  0 11    2  829    3   49 This_is_a_SECOND_LINE 70 -24920 1210434912   837301      837
6340  1 16    3  218   45   76 This_is_a_SECOND_LINE 51 -11399 -693036360   837307      837
7488  0  8    1 1950   93   30 This_is_a_SECOND_LINE 34 23508 1159350240   837311      837
 987  0  0 TESTLINE1    1 32307 -6195 3811 1142972032 
6437  0 15    7  674   21   88 This_is_a_SECOND_LINE 95 12413 -829405944   837323      837
3793  0  8    3 2211   28   59 This_is_a_SECOND_LINE 76 13476 -1360774792   837330      837
4613  0  6    0 1304   18   58 This_is_a_SECOND_LINE 88 -13703 -1853322040   837334      837
6996  0  3    0 1783   90  129 This_is_a_SECOND_LINE 72 -763 90222560   837340      837
 505  1  2 TESTLINE1    6 27221 -21854 -29250 1388419888 
9355  0  8    1  822   28  129 This_is_a_SECOND_LINE 43 -21278 1193544064   837349      837
 422  1  1 TESTLINE1    5 12617 19197 -19070 1161738110 
 736  0  0 TESTLINE1    2 6697 -14764 4936 278385156 
 637  0  2 TESTLINE1    0 -4028 -340 23131 -972261942 
  71  1  2 TESTLINE1    1 17218 -3099 -6138 -1470523636 
7981  1 16    9  173   13   98 This_is_a_SECOND_LINE 90 28231 -177978576   837372      837
  84  0  1 TESTLINE1    4 11824 -29962 11808 -481362897 
 179  0  2 TESTLINE1    2 12276 15340 2827 1199113504 
 342  1  0 TESTLINE1    1 -32527 24044 -20775 1828511877 
7721  0 19    1 1940   67   35 This_is_a_SECOND_LINE 28 20471 1784909616   837389      837
 658  0  1 TESTLINE1    2 -20219 25492 1025 594892696 
 972  0  2 TESTLINE1    5 -4247  230 32291 -1876919520 
 713  0  2 TESTLINE1    4 20862 6993 -12507 1343822680 
 155  0  1 TESTLINE1    9 14897 -27239 5776 505925886 
 142  1  1 TESTLINE1    3 -15387 13861 -28977 1889245608 
2754  0 19    4 2602    2   36 This_is_a_SECOND_LINE 84 32389 164157584   837414      837
 528  1  1 TESTLINE1    8 29030 19074 -11420 -1659719720 
 303  1  1 TESTLINE1    8 29274 10378 -18625 1250942208 
4500  0  8    7  649   90   33 This_is_a_SECOND_LINE 33 -6701 703085672   837428      837
4892  0  5    2 2796   75  118 This_is_a_SECOND_LINE 57 30449 563223264   837433      837
 414  1  0 TESTLINE1    4 18044 12987 19490 -951501712 
 794  1  1 TESTLINE1    3 16815 1634 19900 1099430428 
7647  0 19    1  935   34   69 This_is_a_SECOND_LINE 92 -19961 1522667800   837445      837
 629  1  0 TESTLINE1    5 -11379 -16145 -17585 -2146048140 
 971  1  0 TESTLINE1    7 8932 6692 24195 1948862184 
8390  0  0    1  569   26   62 This_is_a_SECOND_LINE 61 -10998 365142208   837474      837
8023  1  1    9  790   25  126 This_is_a_SECOND_LINE 67 -20843 -1245493232   837489      837
 626  0  2 TESTLINE1    4 31888 10445 -746 2102881680 
 346  0  0 TESTLINE1    6 -25176 -4918 18585 -533122332 
6970  1  0    1  993   57   57 This_is_a_SECOND_LINE 12 -8610 -2101301840   837517      837
3512  0 12    9 2410   69  119 This_is_a_SECOND_LINE 74 -21805 1413920168   837523      837
 433  1  1 TESTLINE1    8 -4778 1178 13780 1867111832 
 260  1  2 TESTLINE1    5 23971 -24175 -22074 -199506433 
8458  1 17    9 2883    7  108 This_is_a_SECOND_LINE 57 -32510 -925067432   837550      837
1100  1 18    8 2025   88  104 This_is_a_SECOND_LINE 33 24781 961206632   837599      837
 358  0 19    7 2639   69   93 This_is_a_SECOND_LINE 22 -26566 -84010744   837616      837
6431  0  2    0 1892   91   87 This_is_a_SECOND_LINE 15 11361 1485837384   837627      837
 491  1  1 TESTLINE1    1 23821 -21783 -372 -818824092 
 325  1  1 TESTLINE1    6 30058 -24121 9051 1007780464 
 580  0  0 TESTLINE1    0 -26602 13036 15859 1203442509 
 904  0  0 TESTLINE1    7 -8241 -21351 9808 -261602259 
3950  0  0    8 1505   63   79 This_is_a_SECOND_LINE 44 -7769 486845128   837652      837
 291  1  2 TESTLINE1    4 -23339 13976 5121 1766593902 
 822  0  2 TESTLINE1    0 -18491 -24042 -24434 -834168338 
 543  0 14    3 1379   77   92 This_is_a_SECOND_LINE 75 26480 2018020824   837667      837
 732  0  2 TESTLINE1    6 6699 29473 -26853 -125116921 
6328  1 11    0 1218   17   66 This_is_a_SECOND_LINE 63 29903 1256639568   837676      837
 130  0  2 TESTLINE1    1 -6303 -31531 25173 -1121534676 
9805  0  8    3 2285    6  125 This_is_a_SECOND_LINE 39 21477 -2099464960   837684      837
 226  1 17    6 2381   65   90 This_is_a_SECOND_LINE 36 -13741 -1121964656   837689      837
 211  0  2 TESTLINE1    6 -14021 18041 25118 572285152 
4234  0  3    2  198   30   93 This_is_a_SECOND_LINE 47 17958 563607216   837699      837
3714  1  2    7 2924   82   65 This_is_a_SECOND_LINE 32 -31660 -1385403376   837706      837
1898  0  0    8 2759   62   92 This_is_a_SECOND_LINE 83 -1519 991883072   837711      837
8324  0  2    4  935   21   87 This_is_a_SECOND_LINE 65 23643 1568369592   837717      837
 269  0  2 TESTLINE1    3 -2211 -6195 -28005 1573224776 
 797  0  0 TESTLINE1    8 -7034 13802 -14577 -1673915472 
1052  1  9    9  506   10   46 This_is_a_SECOND_LINE 24 -9035 2009943928   837729      837
