8467  0  0    9 2924   78   88 This_is_a_SECOND_LINE 62 24464  5705000   684880      684
3281  1  1    1 2995   42   57 This_is_a_SECOND_LINE 36 32391 14604000   684880      684
 153  0  1 TESTLINE1    1 18716 19718 19895 118341522 
1538  1 12    7  699   35  124 This_is_a_SECOND_LINE  3 23811 31322000   684880      684
7673  0  1    1 2653   68   77 This_is_a_SECOND_LINE 44 32662 32757000   684880      684
2859  1  1    9  778   16   65 This_is_a_SECOND_LINE 90 1842   288000   684880      684
  40  0  1 TESTLINE1    8 27446 23805 15890 163985730 
   6  1  0 TESTLINE1    8 19629 12623 24084 374257224 
 966  0  2 TESTLINE1    8 16944 32439 24626 62695451 
 118  0  0 TESTLINE1    1 4833 31115 4639 673355232 
 977  0  2 TESTLINE1    6 5021 28745 26924 119581440 
6777  1 17    2 1586   90   91 This_is_a_SECOND_LINE 36 22355 24767000   684880      684
5574  1 12    0 1150   41   54 This_is_a_SECOND_LINE 66 3430 31107000   684880      684
8007  1 17    7 2153   83   75 This_is_a_SECOND_LINE  9 32209  9758000   684880      684
8588  0  6    6  230   13   98 This_is_a_SECOND_LINE  0 32591 18762000   684880      684
7410  1  4    7 2348   83  125 This_is_a_SECOND_LINE 41 3602 24350000   684880      684
 836  0  0    6 1621   48  129 This_is_a_SECOND_LINE 68 24484  8281000   684880      684
  53  1  0 TESTLINE1    8 6900 3788 18127  1740976 
4648  1  7    1 1510   17   43 This_is_a_SECOND_LINE 14 14309  7616000   684880      684
7451  0  9    9 2756   98   33 This_is_a_SECOND_LINE 24 11008  5844000   684880      684
4989  0 15    5 3093   43   53 This_is_a_SECOND_LINE 87 29314  9503000   684880      684
 200  0  0 TESTLINE1    0 19796 14798 15281 407412022 
7157  0  2    8 2692   38  109 This_is_a_SECOND_LINE 90 29657  7958000   684880      684
9815  0 16    1  202   34  102 This_is_a_SECOND_LINE 55 20328 22646000   684880      684
 886  1  2 TESTLINE1    9 20142 23844 1416 700148238 
 651  1  2 TESTLINE1    7 28476 27892 24389 54363400 
 510  1  1 TESTLINE1    1 14688 13401 9789 250532865 
 585  0  1 TESTLINE1    8 31426 28617 23757 304123424 
2154  1  9    6 2529   68  122 This_is_a_SECOND_LINE 25 10555  3434000   684880      684
7441  0  5    0 2518   53   69 This_is_a_SECOND_LINE 23 16279 25996000   684880      684
2529  1 17    6  149   93  125 This_is_a_SECOND_LINE 97 20416 28286000   684880      684
4488  0 15    4 2114    1   46 This_is_a_SECOND_LINE 71 5786 12263000   684880      684
4355  1 13    2 1208   32   75 This_is_a_SECOND_LINE 13 27756 28321000   684880      684
 646  0  1 TESTLINE1    4 23196 20222 7129 11961135 
 173  0  2 TESTLINE1    9 26292 26439 17253 523707696 
 745  1  1 TESTLINE1    3 4474 28022 2168 263356166 
7958  1  2    5  877   14   44 This_is_a_SECOND_LINE 24 29334 25874000   684880      684
 159  1  2 TESTLINE1    7 28297 7518 8177 573534710 
2668  0  5    2 2080   13   57 This_is_a_SECOND_LINE  2 4099 30527000   684880      684
1543  0  3    2  261   81   33 This_is_a_SECOND_LINE 32 17505 27593000   684880      684
3031  0  2    2 2486   64   30 This_is_a_SECOND_LINE 87 8360 22413000   684880      684
 270  0  1 TESTLINE1    3 19711 25760 18896 33999095 
 140  0  1 TESTLINE1    4 28019 2125 26576 491542652 
 371  0  1 TESTLINE1    3 23851 25484 1018 601131216 
 800  1  1 TESTLINE1    6 9010 4757 32170 194536440 
2043  0  4    9 1482   86   95 This_is_a_SECOND_LINE 87 29577 14474000   684880      684
5627  1  8    3 2920    2   92 This_is_a_SECOND_LINE 23 24596  3737000   684880      684
 195  1  4    0 3002   16   60 This_is_a_SECOND_LINE 26 29011 30771000   684880      684
5547  1  0    0 2124   88   93 This_is_a_SECOND_LINE 40 20851 18662000   684880      684
 900  1 18    8 1965    7  107 This_is_a_SECOND_LINE  0 26058  6439000   684880      684
